print hello
print "hello"
print ("hello")
arr = [(8, 4.568752), (8, 45.68752), (8,
456.8752), (8, 4568.752), (8, 45687.52), (8, 456875.2), (8, 4568752), (8.4,
5.68752), (8.4, 56.8752), (8.4, 568.752), (8.4, 5687.52), (8.4, 56875.2), (8.4,
568752), (8.45, 6.8752), (8.45, 68.752), (8.45, 687.52), (8.45, 6875.2), (8.45,
68752), (8.456, 8.752), (8.456, 87.52), (8.456, 875.2), (8.456, 8752), (8.4568,
7.52), (8.4568, 75.2), (8.4568, 752), (8.45687, 5.2), (8.45687, 52), (8.456875, 2),
(84, 5.68752), (84, 56.8752), (84, 568.752), (84, 5687.52), (84, 56875.2), (84,
568752), (84.5, 6.8752), (84.5, 68.752), (84.5, 687.52), (84.5, 6875.2), (84.5,
68752), (84.56, 8.752), (84.56, 87.52), (84.56, 875.2), (84.56, 8752), (84.568,
7.52), (84.568, 75.2), (84.568, 752), (84.5687, 5.2), (84.5687, 52), (84.56875, 2),
(845, 6.8752), (845, 68.752), (845, 687.52), (845, 6875.2), (845, 68752), (845.6,
8.752), (845.6, 87.52), (845.6, 875.2), (845.6, 8752), (845.68, 7.52), (845.68,
75.2), (845.68, 752), (845.687, 5.2), (845.687, 52), (845.6875, 2), (8456, 8.752),
(8456, 87.52), (8456, 875.2), (8456, 8752), (8456.8, 7.52), (8456.8, 75.2),
(8456.8, 752), (8456.87, 5.2), (8456.87, 52), (8456.875, 2), (84568, 7.52), (84568,
75.2), (84568, 752), (84568.7, 5.2), (84568.7, 52), (84568.75, 2), (845687, 5.2),
(845687, 52), (845687.5, 2), (8456875, 2)]
len(arr)
str = [(4, 6.8762192), (4, 68.762192), (4,
687.62192), (4, 6876.2192), (4, 68762.192), (4, 687621.92), (4, 6876219.2), (4,
68762192), (4.6, 8.762192), (4.6, 87.62192), (4.6, 876.2192), (4.6, 8762.192),
(4.6, 87621.92), (4.6, 876219.2), (4.6, 8762192), (4.68, 7.62192), (4.68, 76.2192),
(4.68, 762.192), (4.68, 7621.92), (4.68, 76219.2), (4.68, 762192), (4.687, 6.2192),
(4.687, 62.192), (4.687, 621.92), (4.687, 6219.2), (4.687, 62192), (4.6876, 2.192),
(4.6876, 21.92), (4.6876, 219.2), (4.6876, 2192), (4.68762, 1.92), (4.68762, 19.2),
(4.68762, 192), (4.687621, 9.2), (4.687621, 92), (4.6876219, 2), (46, 8.762192),
(46, 87.62192), (46, 876.2192), (46, 8762.192), (46, 87621.92), (46, 876219.2),
(46, 8762192), (46.8, 7.62192), (46.8, 76.2192), (46.8, 762.192), (46.8, 7621.92),
(46.8, 76219.2), (46.8, 762192), (46.87, 6.2192), (46.87, 62.192), (46.87, 621.92),
(46.87, 6219.2), (46.87, 62192), (46.876, 2.192), (46.876, 21.92), (46.876, 219.2),
(46.876, 2192), (46.8762, 1.92), (46.8762, 19.2), (46.8762, 192), (46.87621, 9.2),
(46.87621, 92), (46.876219, 2), (468, 7.62192), (468, 76.2192), (468, 762.192),
(468, 7621.92), (468, 76219.2), (468, 762192), (468.7, 6.2192), (468.7, 62.192),
(468.7, 621.92), (468.7, 6219.2), (468.7, 62192), (468.76, 2.192), (468.76, 21.92),
(468.76, 219.2), (468.76, 2192), (468.762, 1.92), (468.762, 19.2), (468.762, 192),
(468.7621, 9.2), (468.7621, 92), (468.76219, 2), (4687, 6.2192), (4687, 62.192),
(4687, 621.92), (4687, 6219.2), (4687, 62192), (4687.6, 2.192), (4687.6, 21.92),
(4687.6, 219.2), (4687.6, 2192), (4687.62, 1.92), (4687.62, 19.2), (4687.62, 192),
(4687.621, 9.2), (4687.621, 92), (4687.6219, 2), (46876, 2.192), (46876, 21.92),
(46876, 219.2), (46876, 2192), (46876.2, 1.92), (46876.2, 19.2), (46876.2, 192),
(46876.21, 9.2), (46876.21, 92), (46876.219, 2), (468762, 1.92), (468762, 19.2),
(468762, 192), (468762.1, 9.2), (468762.1, 92), (468762.19, 2), (4687621, 9.2),
(4687621, 92), (4687621.9, 2), (46876219, 2)]
len(str)
str = set(str)
arr = set([(4, 6.8762192), (4, 68.762192), (4, 687.62192), (4, 6876.2192), (4, 68762.192), (4, 687621.92), (4, 6876219.2), (4, 68762192), (4.6, 8.762192), (4.6, 87.62192), (4.6, 876.2192), (4.6, 8762.192), (4.6, 87621.92), (4.6, 876219.2), (4.6, 8762192), (4.68, 7.62192), (4.68, 76.2192), (4.68, 762.192), (4.68, 7621.92), (4.68, 76219.2), (4.68, 762192), (4.687, 6.2192), (4.687, 62.192), (4.687, 621.92), (4.687, 6219.2), (4.687, 62192), (4.6876, 2.192), (4.6876, 21.92), (4.6876, 219.2), (4.6876, 2192), (4.68762, 1.92), (4.68762, 19.2), (4.68762, 192), (4.687621, 9.2), (4.687621, 92), (4.6876219, 2), (46, 8.762192), (46, 87.62192), (46, 876.2192), (46, 8762.192), (46, 87621.92), (46, 876219.2), (46, 8762192), (46.8, 7.62192), (46.8, 76.2192), (46.8, 762.192), (46.8, 7621.92), (46.8, 76219.2), (46.8, 762192), (46.87, 6.2192), (46.87, 62.192), (46.87, 621.92), (46.87, 6219.2), (46.87, 62192), (46.876, 2.192), (46.876, 21.92), (46.876, 219.2), (46.876, 2192), (46.8762, 1.92), (46.8762, 19.2), (46.8762, 192), (46.87621, 9.2), (46.87621, 92), (46.876219, 2), (468, 7.62192), (468, 76.2192), (468, 762.192), (468, 7621.92), (468, 76219.2), (468, 762192), (468.7, 6.2192), (468.7, 62.192), (468.7, 621.92), (468.7, 6219.2), (468.7, 62192), (468.76, 2.192), (468.76, 21.92), (468.76, 219.2), (468.76, 2192), (468.762, 1.92), (468.762, 19.2), (468.762, 192), (468.7621, 9.2), (468.7621, 92), (468.76219, 2), (4687, 6.2192), (4687, 62.192), (4687, 621.92), (4687, 6219.2), (4687, 62192), (4687.6, 2.192), (4687.6, 21.92), (4687.6, 219.2), (4687.6, 2192), (4687.62, 1.92), (4687.62, 19.2), (4687.62, 192), (4687.621, 9.2), (4687.621, 92), (4687.6219, 2), (46876, 2.192), (46876, 21.92), (46876, 219.2), (46876, 2192), (46876.2, 1.92), (46876.2, 19.2), (46876.2, 192), (46876.21, 9.2), (46876.21, 92), (46876.219, 2), (468762, 1.92), (468762, 19.2), (468762, 192), (468762.1, 9.2), (468762.1, 92), (468762.19, 2), (4687621, 9.2), (4687621, 92), (4687621.9, 2), (46876219, 2)])
str == arr
